12	3.18690e+000	2.04150e-001	4.89830e+000	1.61610e+004	-1.15390e+001	-1.61440e+002	1.54490e-005	1.58340e+004
13	3.54100e+000	2.06530e-001	4.84190e+000	1.59270e+004	-1.16700e+001	-1.44790e+002	1.39520e-005	1.55980e+004
14	3.93440e+000	2.08340e-001	4.79980e+000	1.57100e+004	-1.17690e+001	-1.29610e+002	1.26250e-005	1.53790e+004
15	4.37160e+000	2.09870e-001	4.76490e+000	1.54830e+004	-1.18530e+001	-1.15780e+002	1.14480e-005	1.51530e+004
16	4.85740e+000	2.10860e-001	4.74250e+000	1.52740e+004	-1.19070e+001	-1.03250e+002	1.03980e-005	1.49450e+004
17	5.39710e+000	2.11550e-001	4.72710e+000	1.50560e+004	-1.19450e+001	-9.18920e+001	9.46320e-006	1.47300e+004
18	5.99690e+000	2.11890e-001	4.71940e+000	1.48550e+004	-1.19640e+001	-8.17220e+001	8.61900e-006	1.45320e+004
19	6.66320e+000	2.12180e-001	4.71310e+000	1.46510e+004	-1.19790e+001	-7.26330e+001	7.85490e-006	1.43320e+004
20	7.40360e+000	2.12000e-001	4.71700e+000	1.44620e+004	-1.19690e+001	-6.44750e+001	7.16740e-006	1.41480e+004
21	8.22630e+000	2.11700e-001	4.72370e+000	1.42700e+004	-1.19530e+001	-5.71790e+001	6.54630e-006	1.39610e+004
22	9.14040e+000	2.11150e-001	4.73610e+000	1.40880e+004	-1.19230e+001	-5.06780e+001	5.98270e-006	1.37840e+004
23	1.01560e+001	2.10480e-001	4.75110e+000	1.39060e+004	-1.18860e+001	-4.48850e+001	5.47130e-006	1.36080e+004
24	1.12850e+001	2.09760e-001	4.76740e+000	1.37360e+004	-1.18470e+001	-3.97710e+001	5.00160e-006	1.34440e+004
25	1.25390e+001	2.08710e-001	4.79150e+000	1.35630e+004	-1.17890e+001	-3.51720e+001	4.58100e-006	1.32770e+004
26	1.39320e+001	2.07610e-001	4.81670e+000	1.33970e+004	-1.17290e+001	-3.11100e+001	4.19500e-006	1.31170e+004
27	1.54800e+001	2.06280e-001	4.84770e+000	1.32290e+004	-1.16560e+001	-2.74790e+001	3.84690e-006	1.29560e+004
28	1.72000e+001	2.05210e-001	4.87310e+000	1.30700e+004	-1.15970e+001	-2.43110e+001	3.52200e-006	1.28030e+004
29	1.91110e+001	2.03800e-001	4.90670e+000	1.29140e+004	-1.15190e+001	-2.14770e+001	3.22930e-006	1.26540e+004
30	2.12350e+001	2.02260e-001	4.94410e+000	1.27600e+004	-1.14350e+001	-1.89590e+001	2.96300e-006	1.25060e+004
31	2.35940e+001	2.00640e-001	4.98410e+000	1.26060e+004	-1.13450e+001	-1.67280e+001	2.72010e-006	1.23600e+004
32	2.62160e+001	1.98760e-001	5.03120e+000	1.24560e+004	-1.12420e+001	-1.47420e+001	2.50010e-006	1.22170e+004
33	2.91290e+001	1.96900e-001	5.07870e+000	1.23100e+004	-1.11390e+001	-1.29940e+001	2.29750e-006	1.20780e+004
34	3.23660e+001	1.94920e-001	5.13020e+000	1.21680e+004	-1.10300e+001	-1.14470e+001	2.11240e-006	1.19430e+004
35	3.59620e+001	1.92730e-001	5.18870e+000	1.20270e+004	-1.09090e+001	-1.00730e+001	1.94450e-006	1.18100e+004
36	3.99580e+001	1.90490e-001	5.24970e+000	1.18890e+004	-1.07850e+001	-8.86060e+000	1.79050e-006	1.16790e+004
37	4.43980e+001	1.88130e-001	5.31550e+000	1.17540e+004	-1.06550e+001	-7.79020e+000	1.64950e-006	1.15520e+004
38	4.93320e+001	1.85560e-001	5.38910e+000	1.16240e+004	-1.05120e+001	-6.84160e+000	1.52130e-006	1.14280e+004
39	5.48130e+001	1.83400e-001	5.45260e+000	1.14990e+004	-1.03930e+001	-6.02290e+000	1.39980e-006	1.13100e+004
40	6.09040e+001	1.80930e-001	5.52690e+000	1.13770e+004	-1.02560e+001	-5.29320e+000	1.29010e-006	1.11950e+004
41	6.76720e+001	1.78510e-001	5.60180e+000	1.12600e+004	-1.01210e+001	-4.65370e+000	1.18860e-006	1.10840e+004
42	7.51910e+001	1.76200e-001	5.67540e+000	1.11480e+004	-9.99260e+000	-4.09450e+000	1.09420e-006	1.09780e+004
43	8.35460e+001	1.74070e-001	5.74490e+000	1.10400e+004	-9.87420e+000	-3.60660e+000	1.00620e-006	1.08770e+004
44	9.28300e+001	1.72180e-001	5.80790e+000	1.09370e+004	-9.76940e+000	-3.18190e+000	9.23820e-007	1.07790e+004
45	1.03150e+002	1.70480e-001	5.86600e+000	1.08390e+004	-9.67440e+000	-2.81070e+000	8.47090e-007	1.06850e+004
46	1.14610e+002	1.69180e-001	5.91080e+000	1.07460e+004	-9.60240e+000	-2.48930e+000	7.74730e-007	1.05950e+004
47	1.27340e+002	1.68360e-001	5.93970e+000	1.06570e+004	-9.55650e+000	-2.21130e+000	7.06410e-007	1.05090e+004
48	1.41490e+002	1.68040e-001	5.95110e+000	1.05720e+004	-9.53850e+000	-1.97060e+000	6.42070e-007	1.04260e+004
49	1.57210e+002	1.68440e-001	5.93680e+000	1.04860e+004	-9.56100e+000	-1.76320e+000	5.81240e-007	1.03400e+004
50	1.74680e+002	1.69440e-001	5.90180e+000	1.04070e+004	-9.61670e+000	-1.58400e+000	5.24060e-007	1.02610e+004
51	1.94090e+002	1.71250e-001	5.83930e+000	1.03300e+004	-9.71780e+000	-1.42990e+000	4.70260e-007	1.01820e+004
52	2.15660e+002	1.73890e-001	5.75080e+000	1.02550e+004	-9.86440e+000	-1.29650e+000	4.20070e-007	1.01030e+004
53	2.39620e+002	1.77450e-001	5.63530e+000	1.01800e+004	-1.00620e+001	-1.18140e+000	3.73410e-007	1.00240e+004
54	2.66250e+002	1.82000e-001	5.49460e+000	1.01050e+004	-1.03150e+001	-1.08160e+000	3.30380e-007	9.94160e+003
55	2.95840e+002	1.87590e-001	5.33080e+000	1.00280e+004	-1.06250e+001	-9.94700e-001	2.90970e-007	9.85640e+003
56	3.28710e+002	1.94220e-001	5.14880e+000	9.94960e+003	-1.09910e+001	-9.18490e-001	2.55240e-007	9.76710e+003
57	3.65230e+002	2.01990e-001	4.95070e+000	9.86750e+003	-1.14200e+001	-8.51350e-001	2.23050e-007	9.67210e+003
58	4.05820e+002	2.10930e-001	4.74100e+000	9.78100e+003	-1.19110e+001	-7.91680e-001	1.94280e-007	9.57050e+003
59	4.50910e+002	2.21000e-001	4.52480e+000	9.68960e+003	-1.24620e+001	-7.38040e-001	1.68800e-007	9.46130e+003
60	5.01010e+002	2.32290e-001	4.30500e+000	9.59180e+003	-1.30770e+001	-6.89420e-001	1.46370e-007	9.34300e+003
61	5.56690e+002	2.44730e-001	4.08610e+000	9.48640e+003	-1.37520e+001	-6.44710e-001	1.26780e-007	9.21450e+003
62	6.18540e+002	2.58340e-001	3.87090e+000	9.37330e+003	-1.44850e+001	-6.03260e-001	1.09750e-007	9.07540e+003
63	6.87280e+002	2.73130e-001	3.66120e+000	9.25150e+003	-1.52770e+001	-5.64480e-001	9.50010e-008	8.92460e+003
64	7.63640e+002	2.89070e-001	3.45940e+000	9.12040e+003	-1.61230e+001	-5.27860e-001	8.22890e-008	8.76170e+003
65	8.48500e+002	3.06100e-001	3.26690e+000	8.97980e+003	-1.70190e+001	-4.93000e-001	7.13660e-008	8.58660e+003
66	9.42780e+002	3.24190e-001	3.08460e+000	8.82940e+003	-1.79620e+001	-4.59670e-001	6.19980e-008	8.39910e+003
67	1.04750e+003	3.43290e-001	2.91300e+000	8.66900e+003	-1.89470e+001	-4.27650e-001	5.39770e-008	8.19930e+003
68	1.16390e+003	3.63400e-001	2.75180e+000	8.49910e+003	-1.99710e+001	-3.96930e-001	4.71050e-008	7.98800e+003
69	1.29330e+003	3.84520e-001	2.60070e+000	8.31920e+003	-2.10330e+001	-3.67430e-001	4.12170e-008	7.76490e+003
70	1.43700e+003	4.06550e-001	2.45970e+000	8.12940e+003	-2.21240e+001	-3.39100e-001	3.61760e-008	7.53080e+003
71	1.59670e+003	4.29400e-001	2.32890e+000	7.93040e+003	-2.32390e+001	-3.11900e-001	3.18570e-008	7.28700e+003
72	1.77410e+003	4.52980e-001	2.20760e+000	7.72340e+003	-2.43700e+001	-2.85900e-001	2.81510e-008	7.03530e+003
73	1.97120e+003	4.77350e-001	2.09490e+000	7.50880e+003	-2.55170e+001	-2.61170e-001	2.49610e-008	6.77630e+003
74	2.19020e+003	5.02330e-001	1.99070e+000	7.28740e+003	-2.66720e+001	-2.37700e-001	2.22140e-008	6.51200e+003
75	2.43360e+003	5.27950e-001	1.89410e+000	7.06060e+003	-2.78320e+001	-2.15580e-001	1.98390e-008	6.24380e+003
76	2.70400e+003	5.54120e-001	1.80470e+000	6.82880e+003	-2.89920e+001	-1.94810e-001	1.77830e-008	5.97310e+003
77	3.00450e+003	5.80780e-001	1.72180e+000	6.59360e+003	-3.01470e+001	-1.75410e-001	1.59970e-008	5.70170e+003
78	3.33840e+003	6.07860e-001	1.64510e+000	6.35530e+003	-3.12940e+001	-1.57380e-001	1.44420e-008	5.43070e+003
79	3.70930e+003	6.35340e-001	1.57400e+000	6.11530e+003	-3.24290e+001	-1.40710e-001	1.30840e-008	5.16160e+003
80	4.12150e+003	6.63090e-001	1.50810e+000	5.87490e+003	-3.35480e+001	-1.25370e-001	1.18940e-008	4.89630e+003
81	4.57950e+003	6.91060e-001	1.44710e+000	5.63440e+003	-3.46470e+001	-1.11330e-001	1.08500e-008	4.63530e+003
82	5.08830e+003	7.19060e-001	1.39070e+000	5.39500e+003	-3.57190e+001	-9.85160e-002	9.93090e-009	4.38020e+003
83	5.65370e+003	7.47140e-001	1.33840e+000	5.15780e+003	-3.67650e+001	-8.69030e-002	9.11880e-009	4.13190e+003
84	6.28190e+003	7.75010e-001	1.29030e+000	4.92320e+003	-3.77760e+001	-7.64070e-002	8.40070e-009	3.89140e+003
85	6.98000e+003	8.02670e-001	1.24580e+000	4.69240e+003	-3.87530e+001	-6.69750e-002	7.76280e-009	3.65940e+003
86	7.75560e+003	8.29850e-001	1.20500e+000	4.46610e+003	-3.96880e+001	-5.85280e-002	7.19530e-009	3.43680e+003
87	8.61740e+003	8.56480e-001	1.16760e+000	4.24470e+003	-4.05790e+001	-5.09970e-002	6.68880e-009	3.22390e+003
88	9.57490e+003	8.82360e-001	1.13330e+000	4.02910e+003	-4.14240e+001	-4.43100e-002	6.23550e-009	3.02110e+003
89	1.06390e+004	9.07310e-001	1.10220e+000	3.81900e+003	-4.22180e+001	-3.83890e-002	5.82960e-009	2.82830e+003
90	1.18210e+004	9.31050e-001	1.07410e+000	3.61610e+003	-4.29550e+001	-3.31760e-002	5.46400e-009	2.64660e+003
91	1.31350e+004	9.53520e-001	1.04880e+000	3.42020e+003	-4.36370e+001	-2.86000e-002	5.13390e-009	2.47530e+003
92	1.45940e+004	9.74390e-001	1.02630e+000	3.23180e+003	-4.42570e+001	-2.45960e-002	4.83530e-009	2.31470e+003
93	1.62160e+004	9.93380e-001	1.00670e+000	3.05070e+003	-4.48100e+001	-2.11020e-002	4.56510e-009	2.16430e+003
94	1.80180e+004	1.01040e+000	9.89710e-001	2.87730e+003	-4.52960e+001	-1.80650e-002	4.31940e-009	2.02400e+003
95	2.00200e+004	1.02520e+000	9.75430e-001	2.71190e+003	-4.57130e+001	-1.54330e-002	4.09520e-009	1.89360e+003
96	2.22440e+004	1.03750e+000	9.63860e-001	2.55440e+003	-4.60540e+001	-1.31590e-002	3.89030e-009	1.77270e+003
97	2.47160e+004	1.04720e+000	9.54930e-001	2.40480e+003	-4.63210e+001	-1.11990e-002	3.70250e-009	1.66080e+003
98	2.74620e+004	1.05420e+000	9.48620e-001	2.26280e+003	-4.65100e+001	-9.51410e-003	3.53020e-009	1.55730e+003
99	3.05140e+004	1.05820e+000	9.44970e-001	2.12860e+003	-4.66210e+001	-8.06930e-003	3.37140e-009	1.46200e+003
100	3.39040e+004	1.05910e+000	9.44210e-001	2.00210e+003	-4.66440e+001	-6.83340e-003	3.22470e-009	1.37450e+003
101	3.76720e+004	1.05710e+000	9.45980e-001	1.88290e+003	-4.65900e+001	-5.77880e-003	3.08870e-009	1.29390e+003
102	4.18580e+004	1.05210e+000	9.50470e-001	1.76970e+003	-4.64550e+001	-4.87720e-003	2.96430e-009	1.21920e+003
103	4.65090e+004	1.04390e+000	9.57920e-001	1.66480e+003	-4.62320e+001	-4.11400e-003	2.84650e-009	1.15160e+003
104	5.16770e+004	1.03260e+000	9.68470e-001	1.56660e+003	-4.59170e+001	-3.46590e-003	2.73670e-009	1.08990e+003
105	5.74190e+004	1.01840e+000	9.81900e-001	1.47500e+003	-4.55240e+001	-2.91710e-003	2.63370e-009	1.03340e+003
106	6.38000e+004	1.00140e+000	9.98610e-001	1.38960e+003	-4.50400e+001	-2.45290e-003	2.53710e-009	9.81890e+002
107	7.08890e+004	9.81690e-001	1.01870e+000	1.31010e+003	-4.44700e+001	-2.06060e-003	2.44620e-009	9.34910e+002
108	7.87660e+004	9.59600e-001	1.04210e+000	1.23640e+003	-4.38190e+001	-1.72980e-003	2.36040e-009	8.92100e+002
109	8.75180e+004	9.35280e-001	1.06920e+000	1.16800e+003	-4.30840e+001	-1.45090e-003	2.27930e-009	8.53060e+002
110	9.72430e+004	9.09030e-001	1.10010e+000	1.10490e+003	-4.22720e+001	-1.21640e-003	2.20220e-009	8.17580e+002
111	1.08050e+005	8.81270e-001	1.13470e+000	1.04660e+003	-4.13890e+001	-1.01930e-003	2.12870e-009	7.85190e+002
112	1.20060e+005	8.52250e-001	1.17340e+000	9.92870e+002	-4.04390e+001	-8.53770e-004	2.05850e-009	7.55670e+002
113	1.33400e+005	8.22360e-001	1.21600e+000	9.43630e+002	-3.94320e+001	-7.15110e-004	1.99060e-009	7.28840e+002
114	1.48220e+005	7.91630e-001	1.26320e+000	8.98460e+002	-3.83660e+001	-5.98810e-004	1.92550e-009	7.04440e+002
115	1.64690e+005	7.60450e-001	1.31500e+000	8.57180e+002	-3.72510e+001	-5.01430e-004	1.86260e-009	6.82310e+002
116	1.82990e+005	7.29250e-001	1.37130e+000	8.19510e+002	-3.61010e+001	-4.19980e-004	1.80130e-009	6.62140e+002
117	2.03320e+005	6.98220e-001	1.43220e+000	7.85240e+002	-3.49240e+001	-3.51890e-004	1.74130e-009	6.43830e+002
118	2.25910e+005	6.67630e-001	1.49780e+000	7.54140e+002	-3.37280e+001	-2.95000e-004	1.68240e-009	6.27200e+002
119	2.51020e+005	6.37820e-001	1.56780e+000	7.25950e+002	-3.25310e+001	-2.47520e-004	1.62420e-009	6.12050e+002
120	2.78910e+005	6.09130e-001	1.64170e+000	7.00390e+002	-3.13470e+001	-2.07920e-004	1.56620e-009	5.98150e+002
121	3.09900e+005	5.81620e-001	1.71930e+000	6.77310e+002	-3.01830e+001	-1.74890e-004	1.50820e-009	5.85480e+002
122	3.44330e+005	5.55590e-001	1.79990e+000	6.56510e+002	-2.90560e+001	-1.47370e-004	1.44970e-009	5.73880e+002
123	3.82600e+005	5.31060e-001	1.88300e+000	6.37780e+002	-2.79710e+001	-1.24440e-004	1.39060e-009	5.63280e+002
124	4.25110e+005	5.08350e-001	1.96710e+000	6.20940e+002	-2.69470e+001	-1.05350e-004	1.33050e-009	5.53530e+002
125	4.72350e+005	4.87490e-001	2.05130e+000	6.05770e+002	-2.59890e+001	-8.94400e-005	1.26940e-009	5.44510e+002
126	5.24830e+005	4.68720e-001	2.13350e+000	5.92190e+002	-2.51130e+001	-7.62170e-005	1.20660e-009	5.36210e+002
127	5.83150e+005	4.51880e-001	2.21300e+000	5.79870e+002	-2.43170e+001	-6.51700e-005	1.14300e-009	5.28430e+002
128	6.47950e+005	4.37370e-001	2.28640e+000	5.68730e+002	-2.36230e+001	-5.59790e-005	1.07780e-009	5.21070e+002
129	7.19950e+005	4.25070e-001	2.35260e+000	5.58710e+002	-2.30290e+001	-4.83160e-005	1.01150e-009	5.14180e+002
130	7.99950e+005	4.15270e-001	2.40810e+000	5.49580e+002	-2.25510e+001	-4.19350e-005	9.43940e-010	5.07560e+002
131	8.88840e+005	4.07930e-001	2.45140e+000	5.41240e+002	-2.21920e+001	-3.66050e-005	8.75900e-010	5.01140e+002
132	9.87600e+005	4.03250e-001	2.47990e+000	5.33550e+002	-2.19620e+001	-3.21570e-005	8.07620e-010	4.94840e+002
133	1.09730e+006	4.01990e-001	2.48760e+000	5.26300e+002	-2.19000e+001	-2.84710e-005	7.38860e-010	4.88320e+002