12	3.18690e+000	7.95150e-001	1.25760e+000	6.76200e+004	-3.84900e+001	-2.10180e+003	1.18670e-006	5.29280e+004
13	3.54100e+000	7.91670e-001	1.26320e+000	6.43880e+004	-3.83670e+001	-1.79630e+003	1.12460e-006	5.04830e+004
14	3.93440e+000	7.77910e-001	1.28550e+000	6.15030e+004	-3.78800e+001	-1.52760e+003	1.07120e-006	4.85440e+004
15	4.37160e+000	7.82920e-001	1.27730e+000	5.83960e+004	-3.80580e+001	-1.31060e+003	1.01130e-006	4.59810e+004
16	4.85740e+000	7.66880e-001	1.30400e+000	5.57570e+004	-3.74840e+001	-1.11180e+003	9.65670e-007	4.42450e+004
17	5.39710e+000	7.54220e-001	1.32590e+000	5.30260e+004	-3.70250e+001	-9.41570e+002	9.23560e-007	4.23340e+004
18	5.99690e+000	7.44740e-001	1.34280e+000	5.06010e+004	-3.66770e+001	-8.02130e+002	8.78110e-007	4.05830e+004
19	6.66320e+000	7.27350e-001	1.37490e+000	4.82910e+004	-3.60300e+001	-6.78480e+002	8.40890e-007	3.90530e+004
20	7.40360e+000	7.14820e-001	1.39900e+000	4.60560e+004	-3.55580e+001	-5.75750e+002	8.02640e-007	3.74680e+004
21	8.22630e+000	7.00100e-001	1.42840e+000	4.39790e+004	-3.49960e+001	-4.87990e+002	7.67050e-007	3.60270e+004
22	9.14040e+000	6.81110e-001	1.46820e+000	4.20970e+004	-3.42590e+001	-4.12630e+002	7.34770e-007	3.47930e+004
23	1.01560e+001	6.59600e-001	1.51610e+000	4.03160e+004	-3.34090e+001	-3.47870e+002	7.05960e-007	3.36540e+004
24	1.12850e+001	6.41040e-001	1.56000e+000	3.86820e+004	-3.26610e+001	-2.94420e+002	6.75620e-007	3.25650e+004
25	1.25390e+001	6.22240e-001	1.60710e+000	3.71080e+004	-3.18910e+001	-2.48850e+002	6.47470e-007	3.15060e+004
26	1.39320e+001	5.99720e-001	1.66740e+000	3.56890e+004	-3.09520e+001	-2.09690e+002	6.22380e-007	3.06060e+004
27	1.54800e+001	5.77980e-001	1.73020e+000	3.43290e+004	-3.00270e+001	-1.76620e+002	5.98510e-007	2.97220e+004
28	1.72000e+001	5.57440e-001	1.79390e+000	3.31220e+004	-2.91370e+001	-1.49230e+002	5.73780e-007	2.89300e+004
29	1.91110e+001	5.34880e-001	1.86960e+000	3.19710e+004	-2.81410e+001	-1.25580e+002	5.52280e-007	2.81920e+004
30	2.12350e+001	5.12560e-001	1.95100e+000	3.09230e+004	-2.71380e+001	-1.05720e+002	5.31370e-007	2.75190e+004
31	2.35940e+001	4.89670e-001	2.04220e+000	2.99570e+004	-2.60890e+001	-8.88660e+001	5.12030e-007	2.69040e+004
32	2.62160e+001	4.69180e-001	2.13140e+000	2.91050e+004	-2.51350e+001	-7.50510e+001	4.91080e-007	2.63490e+004
33	2.91290e+001	4.48770e-001	2.22830e+000	2.82810e+004	-2.41690e+001	-6.32660e+001	4.71870e-007	2.58020e+004
34	3.23660e+001	4.28790e-001	2.33210e+000	2.75620e+004	-2.32090e+001	-5.34130e+001	4.52710e-007	2.53320e+004
35	3.59620e+001	4.09560e-001	2.44160e+000	2.68700e+004	-2.22720e+001	-4.50700e+001	4.34570e-007	2.48650e+004
36	3.99580e+001	3.89320e-001	2.56860e+000	2.62820e+004	-2.12720e+001	-3.79790e+001	4.17720e-007	2.44920e+004
37	4.43980e+001	3.71880e-001	2.68900e+000	2.57430e+004	-2.03990e+001	-3.21660e+001	3.99500e-007	2.41280e+004
38	4.93320e+001	3.50730e-001	2.85120e+000	2.54000e+004	-1.93270e+001	-2.71210e+001	3.83780e-007	2.39680e+004
39	5.48130e+001	3.41630e-001	2.92720e+000	2.46910e+004	-1.88620e+001	-2.31760e+001	3.63770e-007	2.33650e+004
40	6.09040e+001	3.26390e-001	3.06380e+000	2.42600e+004	-1.80760e+001	-1.96710e+001	3.47160e-007	2.30630e+004
41	6.76720e+001	3.12790e-001	3.19700e+000	2.38740e+004	-1.73690e+001	-1.67610e+001	3.30000e-007	2.27850e+004
42	7.51910e+001	3.00290e-001	3.33020e+000	2.35170e+004	-1.67140e+001	-1.43160e+001	3.12960e-007	2.25230e+004
43	8.35460e+001	2.89260e-001	3.45710e+000	2.31780e+004	-1.61330e+001	-1.22690e+001	2.95790e-007	2.22650e+004
44	9.28300e+001	2.79500e-001	3.57780e+000	2.28610e+004	-1.56160e+001	-1.05500e+001	2.78610e-007	2.20170e+004
45	1.03150e+002	2.71210e-001	3.68720e+000	2.25750e+004	-1.51740e+001	-9.11770e+000	2.61130e-007	2.17880e+004
46	1.14610e+002	2.63660e-001	3.79280e+000	2.22930e+004	-1.47700e+001	-7.89290e+000	2.44340e-007	2.15570e+004
47	1.27340e+002	2.57520e-001	3.88320e+000	2.20350e+004	-1.44410e+001	-6.86800e+000	2.27440e-007	2.13390e+004
48	1.41490e+002	2.52880e-001	3.95440e+000	2.17920e+004	-1.41920e+001	-6.00960e+000	2.10540e-007	2.11270e+004
49	1.57210e+002	2.49450e-001	4.00880e+000	2.15600e+004	-1.40070e+001	-5.28270e+000	1.94000e-007	2.09190e+004
50	1.74680e+002	2.47420e-001	4.04180e+000	2.13330e+004	-1.38970e+001	-4.66830e+000	1.77820e-007	2.07090e+004
51	1.94090e+002	2.46860e-001	4.05080e+000	2.11150e+004	-1.38670e+001	-4.14960e+000	1.62040e-007	2.05000e+004
52	2.15660e+002	2.47390e-001	4.04220e+000	2.09020e+004	-1.38950e+001	-3.70430e+000	1.47030e-007	2.02900e+004
53	2.39620e+002	2.49410e-001	4.00940e+000	2.06890e+004	-1.40050e+001	-3.32540e+000	1.32660e-007	2.00740e+004
54	2.66250e+002	2.52870e-001	3.95460e+000	2.04740e+004	-1.41910e+001	-3.00030e+000	1.19100e-007	1.98490e+004
55	2.95840e+002	2.57760e-001	3.87950e+000	2.02540e+004	-1.44540e+001	-2.71980e+000	1.06420e-007	1.96130e+004
56	3.28710e+002	2.63970e-001	3.78830e+000	2.00320e+004	-1.47870e+001	-2.47550e+000	9.47000e-008	1.93690e+004
57	3.65230e+002	2.71780e-001	3.67950e+000	1.97990e+004	-1.52040e+001	-2.26280e+000	8.39190e-008	1.91060e+004
58	4.05820e+002	2.80980e-001	3.55900e+000	1.95630e+004	-1.56940e+001	-2.07530e+000	7.41130e-008	1.88330e+004
59	4.50910e+002	2.91660e-001	3.42870e+000	1.93090e+004	-1.62600e+001	-1.90820e+000	6.52880e-008	1.85360e+004
60	5.01010e+002	3.03660e-001	3.29310e+000	1.90460e+004	-1.68910e+001	-1.75800e+000	5.74030e-008	1.82240e+004
61	5.56690e+002	3.17130e-001	3.15330e+000	1.87660e+004	-1.75950e+001	-1.62190e+000	5.03980e-008	1.78880e+004
62	6.18540e+002	3.32150e-001	3.01070e+000	1.84710e+004	-1.83740e+001	-1.49810e+000	4.41930e-008	1.75290e+004
63	6.87280e+002	3.48430e-001	2.87000e+000	1.81580e+004	-1.92100e+001	-1.38350e+000	3.87620e-008	1.71470e+004
64	7.63640e+002	3.66000e-001	2.73230e+000	1.78260e+004	-2.01020e+001	-1.27690e+000	3.40180e-008	1.67400e+004
65	8.48500e+002	3.85150e-001	2.59640e+000	1.74740e+004	-2.10640e+001	-1.17800e+000	2.98670e-008	1.63060e+004
66	9.42780e+002	4.05520e-001	2.46600e+000	1.71060e+004	-2.20740e+001	-1.08520e+000	2.62600e-008	1.58520e+004
67	1.04750e+003	4.26930e-001	2.34230e+000	1.67180e+004	-2.31190e+001	-9.97340e-001	2.31450e-008	1.53760e+004
68	1.16390e+003	4.49650e-001	2.22400e+000	1.63130e+004	-2.42110e+001	-9.14760e-001	2.04400e-008	1.48780e+004
69	1.29330e+003	4.73700e-001	2.11100e+000	1.58900e+004	-2.53470e+001	-8.37140e-001	1.80910e-008	1.43600e+004
70	1.43700e+003	4.99030e-001	2.00390e+000	1.54500e+004	-2.65200e+001	-7.64070e-001	1.60550e-008	1.38240e+004
71	1.59670e+003	5.25550e-001	1.90280e+000	1.49900e+004	-2.77240e+001	-6.95140e-001	1.42940e-008	1.32690e+004
72	1.77410e+003	5.52860e-001	1.80880e+000	1.45160e+004	-2.89360e+001	-6.30070e-001	1.27740e-008	1.27030e+004
73	1.97120e+003	5.81090e-001	1.72090e+000	1.40310e+004	-3.01600e+001	-5.69190e-001	1.14530e-008	1.21320e+004
74	2.19020e+003	6.10260e-001	1.63860e+000	1.35340e+004	-3.13940e+001	-5.12300e-001	1.03070e-008	1.15530e+004
75	2.43360e+003	6.40000e-001	1.56250e+000	1.30330e+004	-3.26190e+001	-4.59450e-001	9.30880e-009	1.09770e+004
76	2.70400e+003	6.70470e-001	1.49150e+000	1.25240e+004	-3.38410e+001	-4.10490e-001	8.43940e-009	1.04020e+004
77	3.00450e+003	7.01610e-001	1.42530e+000	1.20140e+004	-3.50540e+001	-3.65530e-001	7.67670e-009	9.83510e+003
78	3.33840e+003	7.33000e-001	1.36430e+000	1.15040e+004	-3.62410e+001	-3.24240e-001	7.00990e-009	9.27840e+003
79	3.70930e+003	7.65000e-001	1.30720e+000	1.09960e+004	-3.74160e+001	-2.86660e-001	6.42230e-009	8.73320e+003
80	4.12150e+003	7.96640e-001	1.25530e+000	1.04900e+004	-3.85420e+001	-2.52410e-001	5.90780e-009	8.20500e+003
81	4.57950e+003	8.28930e-001	1.20640e+000	9.99230e+003	-3.96560e+001	-2.21620e-001	5.45000e-009	7.69290e+003
82	5.08830e+003	8.57900e-001	1.16560e+000	9.51680e+003	-4.06260e+001	-1.93820e-001	5.04770e-009	7.22300e+003
83	5.65370e+003	8.88860e-001	1.12500e+000	9.04210e+003	-4.16320e+001	-1.69100e-001	4.68620e-009	6.75820e+003
84	6.28190e+003	9.19760e-001	1.08720e+000	8.57390e+003	-4.26070e+001	-1.47050e-001	4.36500e-009	6.31050e+003
85	6.98000e+003	9.49890e-001	1.05280e+000	8.11740e+003	-4.35280e+001	-1.27470e-001	4.07860e-009	5.88550e+003
86	7.75560e+003	9.79090e-001	1.02140e+000	7.67510e+003	-4.43950e+001	-1.10190e-001	3.82180e-009	5.48420e+003
87	8.61740e+003	1.00720e+000	9.92900e-001	7.24780e+003	-4.52040e+001	-9.49910e-002	3.59100e-009	5.10670e+003
88	9.57490e+003	1.03380e+000	9.67270e-001	6.83600e+003	-4.59530e+001	-8.16730e-002	3.38290e-009	4.75270e+003
89	1.06390e+004	1.05880e+000	9.44500e-001	6.43960e+003	-4.66350e+001	-7.00350e-002	3.19550e-009	4.42170e+003
90	1.18210e+004	1.08210e+000	9.24170e-001	6.06110e+003	-4.72570e+001	-5.99310e-002	3.02470e-009	4.11370e+003
91	1.31350e+004	1.10320e+000	9.06440e-001	5.69990e+003	-4.78090e+001	-5.11730e-002	2.86930e-009	3.82800e+003
92	1.45940e+004	1.12220e+000	8.91140e-001	5.35550e+003	-4.82950e+001	-4.36030e-002	2.72760e-009	3.56300e+003
93	1.62160e+004	1.13820e+000	8.78560e-001	5.02910e+003	-4.86990e+001	-3.70820e-002	2.59780e-009	3.31930e+003
94	1.80180e+004	1.15190e+000	8.68120e-001	4.71940e+003	-4.90380e+001	-3.14810e-002	2.47860e-009	3.09380e+003
95	2.00200e+004	1.16230e+000	8.60330e-001	4.42690e+003	-4.92940e+001	-2.66790e-002	2.36900e-009	2.88710e+003
96	2.22440e+004	1.16960e+000	8.55000e-001	4.15090e+003	-4.94700e+001	-2.25730e-002	2.26790e-009	2.69750e+003
97	2.47160e+004	1.17360e+000	8.52110e-001	3.89110e+003	-4.95650e+001	-1.90710e-002	2.17420e-009	2.52370e+003
98	2.74620e+004	1.17420e+000	8.51650e-001	3.64690e+003	-4.95800e+001	-1.60910e-002	2.08730e-009	2.36460e+003
99	3.05140e+004	1.17140e+000	8.53690e-001	3.41810e+003	-4.95130e+001	-1.35600e-002	2.00630e-009	2.21930e+003
100	3.39040e+004	1.16510e+000	8.58310e-001	3.20410e+003	-4.93600e+001	-1.14130e-002	1.93080e-009	2.08680e+003
101	3.76720e+004	1.15540e+000	8.65500e-001	3.00410e+003	-4.91240e+001	-9.59630e-003	1.86000e-009	1.96590e+003
102	4.18580e+004	1.14260e+000	8.75220e-001	2.81760e+003	-4.88070e+001	-8.06180e-003	1.79330e-009	1.85570e+003
103	4.65090e+004	1.12650e+000	8.87720e-001	2.64410e+003	-4.84040e+001	-6.76670e-003	1.73060e-009	1.75540e+003
104	5.16770e+004	1.10730e+000	9.03070e-001	2.48290e+003	-4.79160e+001	-5.67520e-003	1.67140e-009	1.66410e+003
105	5.74190e+004	1.08540e+000	9.21340e-001	2.33360e+003	-4.73450e+001	-4.75690e-003	1.61510e-009	1.58120e+003
106	6.38000e+004	1.06090e+000	9.42580e-001	2.19520e+003	-4.66930e+001	-3.98490e-003	1.56170e-009	1.50570e+003
107	7.08890e+004	1.03440e+000	9.66750e-001	2.06560e+003	-4.59690e+001	-3.33420e-003	1.51180e-009	1.43570e+003
108	7.87660e+004	1.00570e+000	9.94320e-001	1.94770e+003	-4.51630e+001	-2.79070e-003	1.46300e-009	1.37330e+003
109	8.75180e+004	9.75400e-001	1.02520e+000	1.83910e+003	-4.42860e+001	-2.33530e-003	1.41610e-009	1.31660e+003
110	9.72430e+004	9.43800e-001	1.05960e+000	1.73930e+003	-4.33440e+001	-1.95390e-003	1.37100e-009	1.26490e+003
111	1.08050e+005	9.11660e-001	1.09690e+000	1.64760e+003	-4.23540e+001	-1.63500e-003	1.32700e-009	1.21760e+003
112	1.20060e+005	8.79000e-001	1.13770e+000	1.56370e+003	-4.13160e+001	-1.36860e-003	1.28420e-009	1.17440e+003
113	1.33400e+005	8.45930e-001	1.18210e+000	1.48700e+003	-4.02290e+001	-1.14580e-003	1.24240e-009	1.13530e+003
114	1.48220e+005	8.12980e-001	1.23000e+000	1.41700e+003	-3.91110e+001	-9.59860e-004	1.20130e-009	1.09950e+003
115	1.64690e+005	7.80350e-001	1.28150e+000	1.35340e+003	-3.79670e+001	-8.04640e-004	1.16070e-009	1.06700e+003
116	1.82990e+005	7.48390e-001	1.33620e+000	1.29550e+003	-3.68110e+001	-6.75130e-004	1.12050e-009	1.03720e+003
117	2.03320e+005	7.17260e-001	1.39420e+000	1.24290e+003	-3.56500e+001	-5.67070e-004	1.08060e-009	1.01000e+003
118	2.25910e+005	6.87400e-001	1.45480e+000	1.19530e+003	-3.45050e+001	-4.77030e-004	1.04050e-009	9.85030e+002
119	2.51020e+005	6.58980e-001	1.51750e+000	1.15220e+003	-3.33840e+001	-4.01980e-004	1.00010e-009	9.62070e+002
120	2.78910e+005	6.32280e-001	1.58160e+000	1.11300e+003	-3.23040e+001	-3.39410e-004	9.59400e-010	9.40700e+002
121	3.09900e+005	6.07250e-001	1.64680e+000	1.07760e+003	-3.12680e+001	-2.87260e-004	9.18180e-010	9.21090e+002
122	3.44330e+005	5.83940e-001	1.71250e+000	1.04580e+003	-3.02820e+001	-2.43750e-004	8.76480e-010	9.03090e+002
123	3.82600e+005	5.63150e-001	1.77570e+000	1.01680e+003	-2.93860e+001	-2.07550e-004	8.33770e-010	8.85960e+002
124	4.25110e+005	5.44800e-001	1.83550e+000	9.90430e+002	-2.85810e+001	-1.77400e-004	7.90130e-010	8.69730e+002
125	4.72350e+005	5.28840e-001	1.89090e+000	9.66440e+002	-2.78720e+001	-1.52230e-004	7.45770e-010	8.54330e+002
126	5.24830e+005	5.15460e-001	1.94000e+000	9.44540e+002	-2.72690e+001	-1.31230e-004	7.00730e-010	8.39570e+002
127	5.83150e+005	5.04700e-001	1.98140e+000	9.24400e+002	-2.67800e+001	-1.13670e-004	6.55270e-010	8.25250e+002
128	6.47950e+005	4.96720e-001	2.01320e+000	9.05860e+002	-2.64140e+001	-9.89830e-005	6.09530e-010	8.11290e+002
129	7.19950e+005	4.91700e-001	2.03380e+000	8.88540e+002	-2.61830e+001	-8.66720e-005	5.63840e-010	7.97370e+002
130	7.99950e+005	4.90600e-001	2.03830e+000	8.72080e+002	-2.61330e+001	-7.64200e-005	5.17970e-010	7.82930e+002
131	8.88840e+005	4.91660e-001	2.03400e+000	8.56840e+002	-2.61810e+001	-6.76940e-005	4.73640e-010	7.68930e+002
132	9.87600e+005	4.95860e-001	2.01670e+000	8.42330e+002	-2.63750e+001	-6.03030e-005	4.30660e-010	7.54650e+002
133	1.09730e+006	5.04360e-001	1.98270e+000	8.27840e+002	-2.67650e+001	-5.40700e-005	3.89050e-010	7.39150e+002